7 13
78 66
20
3
19 38
34 49
20 65
3
41 60
47 28
49 64
3
35 60
37 57
37 61
3
25 27
43 20
37 39
4
14 42
2 32
13 23
30 5
7
9 15
12 1
20 7
16 7
17 12
13 12
13 19
5
37 11
58 13
56 37
49 31
54 22
5
35 17
27 20
34 2
44 6
36 7
3
40 44
40 35
44 39
4
34 46
22 37
24 32
35 40
6
56 64
54 41
63 38
60 27
72 21
72 42
4
47 68
69 67
69 72
47 72
6
76 67
76 19
63 17
63 9
83 9
84 42
3
70 63
70 56
73 56
8
32 67
40 72
2 73
2 38
13 48
17 41
17 69
32 57
4
40 67
39 62
43 65
42 71
3
61 12
46 3
61 2
3
84 53
92 41
94 55
5
9 21
2 20
2 8
8 5
5 13
3
69 55
63 63
62 60
